<?xml version="1.0"?>
<opencv_storage>
<calibration_Time>"Sat 08 Apr 2017 01:25:11 AM MDT"</calibration_Time>
<nrOfFrames>25</nrOfFrames>
<image_Width>640</image_Width>
<image_Height>480</image_Height>
<board_Width>9</board_Width>
<board_Height>6</board_Height>
<square_Size>50.</square_Size>
<FixAspectRatio>1.</FixAspectRatio>
<!-- flags:  +fix_aspectRatio +fix_principal_point +zero_tangent_dist -->
<flagValue>14</flagValue>
<Camera_Matrix type_id="opencv-matrix">
  <rows>3</rows>
  <cols>3</cols>
  <dt>d</dt>
  <data>
    5.3511552629019411e+02 0. 320. 0. 5.3511552629019411e+02 240. 0. 0.
    1.</data></Camera_Matrix>
<Distortion_Coefficients type_id="opencv-matrix">
  <rows>5</rows>
  <cols>1</cols>
  <dt>d</dt>
  <data>
    -4.4478468419410055e-02 1.9060660421677161e-01 0. 0.
    -3.4696773881262294e-01</data></Distortion_Coefficients>
<Avg_Reprojection_Error>8.6597726832719790e-01</Avg_Reprojection_Error>
<Per_View_Reprojection_Errors type_id="opencv-matrix">
  <rows>25</rows>
  <cols>1</cols>
  <dt>f</dt>
  <data>
    1.36863875e+00 1.46764147e+00 9.76289868e-01 8.70070040e-01
    8.09832275e-01 5.76109588e-01 7.08953202e-01 5.03221869e-01
    4.68089849e-01 3.35898370e-01 4.33643579e-01 6.35628760e-01
    9.42312539e-01 1.09382510e+00 8.44676971e-01 1.03010023e+00
    6.49157703e-01 6.69168413e-01 8.31341505e-01 7.85785735e-01
    8.97925973e-01 8.80084038e-01 1.01358891e+00 9.58649635e-01
    8.82644951e-01</data></Per_View_Reprojection_Errors>
<!-- a set of 6-tuples (rotation vector + translation vector) for each view -->
<Extrinsic_Parameters type_id="opencv-matrix">
  <rows>25</rows>
  <cols>6</cols>
  <dt>d</dt>
  <data>
    -2.0177300351833244e-01 -2.0081767949307613e-01
    1.3930336131548043e-01 -2.4548273605650357e+02
    -4.8270153750596634e+01 7.8411630907305755e+02
    6.1023956620105506e-02 -1.0183518799312545e-01
    1.6817339372759854e-01 -1.3341544794537973e+02
    -2.5420608914302844e+02 6.9864378273192779e+02
    1.0992613571686573e-01 -1.1094595715421689e-01
    1.7540233659881621e-01 -1.2782330370043286e+02
    -2.6374016462267116e+02 6.7928301069026998e+02
    9.6068356077765996e-02 -1.0705903376257363e-01
    1.8523193344742128e-01 -1.1793944295843289e+02
    -2.5669889658924035e+02 6.8521369780813984e+02
    1.0067157472133996e-01 -1.1428057735341671e-01
    1.9077252747758136e-01 -1.2222811084780815e+02
    -2.4380007348687840e+02 6.9178667928528614e+02
    4.4318113773457547e-02 -1.9377774707821308e-01
    1.3898171402338869e-01 -2.0214530219955040e+02
    -2.1080406874732455e+02 6.9627907409757722e+02
    3.2168602429274891e-02 -2.2713798101094004e-01
    1.4825577806918525e-01 -2.2681586436678435e+02
    -1.9848437794927071e+02 7.0305399304866035e+02
    1.2684930075719403e-02 -2.6582514577406197e-01
    1.5338276531576225e-01 -2.5051583651786669e+02
    -1.8514107195239626e+02 7.0489966262314704e+02
    -2.4209063996905516e-02 -2.9217375773917481e-01
    1.5822825586440270e-01 -2.6937501524247756e+02
    -1.6487370806421802e+02 7.1629871109180363e+02
    -4.7819278346247281e-02 -3.3572366756539002e-01
    1.5746716550839435e-01 -3.0160444315609664e+02
    -1.4913127999195495e+02 7.1749486899968213e+02
    -1.0355710695666234e-01 -3.7061410575846482e-01
    1.7939659609097525e-01 -3.1699144496946388e+02
    -1.2570342390467002e+02 7.3346072869196200e+02
    -1.3586369632474474e-01 -3.9089084383480904e-01
    1.8258430996706426e-01 -3.2938337025816236e+02
    -1.1625930832519529e+02 7.3991414072715065e+02
    -1.3385979957236721e-01 -3.4943772055373046e-01
    1.7606837517261648e-01 -3.0673413192179595e+02
    -1.2847822261253799e+02 7.4728422898135159e+02
    -3.8147670968657579e-02 -2.8883609609783006e-01
    1.4404981127426242e-01 -2.7611944173697145e+02
    -1.7738305187851051e+02 7.1758348983042322e+02
    3.5125617551272657e-02 -2.8750158092490202e-01
    1.2193718801763700e-01 -2.7704973091412444e+02
    -2.0810751260211106e+02 6.8321368422117041e+02
    4.3996974871383432e-02 -2.9158267235219265e-01
    9.5628466995058531e-02 -2.9247469441269840e+02
    -2.1978389547107963e+02 6.7026539119632207e+02
    -9.7654127264167792e-02 -2.7210347170173693e-01
    2.0729423552485157e-01 -2.1197541156840930e+02
    -1.3434280654669152e+02 7.4530573556824106e+02
    -1.7973782970595428e-01 -2.4871512519061686e-01
    2.2635427148574816e-01 -2.1757256752237228e+02
    -7.7752629926555159e+01 7.9581410922201042e+02
    -2.4067887550137917e-01 -2.5492895185825842e-01
    2.4750339180345385e-01 -2.0728109282897131e+02
    -5.2845882325819758e+01 8.1106581148281055e+02
    -2.8447210130424389e-01 -2.4212386569757291e-01
    2.7059454124238380e-01 -1.9977808263123390e+02
    -1.5244680962352618e+01 8.3631386077358218e+02
    -3.2438317271393957e-01 -2.3508803367329140e-01
    2.8154416734517901e-01 -1.9850001589291841e+02
    1.1160916979713940e+01 8.5347730977280719e+02
    -3.3080713520422467e-01 -2.3981137005878669e-01
    2.8281811314907029e-01 -2.0205196567416883e+02
    1.6302439959547129e+01 8.5478413217828279e+02
    -3.4470874355762415e-01 -2.4885255180723623e-01
    2.8799178155161081e-01 -2.0596081467023780e+02
    1.4698391548514429e+01 8.5617805236090248e+02
    -1.0236220970580977e-01 -1.4011521326640386e-01
    2.5599573835167816e-01 -1.1374505184656115e+02
    -1.3974274601698758e+02 7.7476783619691230e+02
    -7.9323367737118483e-02 -1.1799945955364169e-01
    2.5919354484199836e-01 -9.5222466917949916e+01
    -1.4859669272399907e+02 7.6875362681784122e+02</data></Extrinsic_Parameters>
